1444062497
284862083
762630884
1188614369
1104161854
1280855887
586449534
1206728554
468429333
566799704
421254504
1389003044
1375330146
1028944599
298206806
1160388707
1434510930
366754824
403879490
396075057
332639548
492090392
495129200
838848566
982091927
1177907423
1242966871
411608323
538671999
672417831
642831690
925242723
987360477
933166032
1399550099
807341818
1434640867
1068323004
300815151
635644097
933111586
538340426
1066752474
610391947
632614824
749113886
1417776165
1100564842
1088626624
546505307
532198951
425073498
267982154
1012274888
1076828837
523497998
1240727880
1350609420
504170504
1383187127
906388170
473937342
1319369009
479516143
1357435027
1406710800
417351259
482361332
636609212
596402997
1139755229
586447913
890740165
1437487477
317809458
1039596715
1320766512
862800897
1320730220
959474728
454638411
389801252
991764216
1016720541
874401572
619189798
925547937
1205999125
275834665
407906756
452880455
373224648
442012681
1265838130
340368403
899997582
481647073
362303444
915223450
1134784923
950962778
448559505
1130901077
973084539
1017492454
439572045
284815942
515673004
1091496983
1438599112
837860959
1378561830
1116645064
367003839
337452546
398129933
1206052768
629868910
622343990
1105855019
597088068
1055947417
366956158
414706506
377679807
1258398475
520802798
925904165
1271086060
1447073914
1387784046
373563219
1106788059
1176092296
843145616
806223188
648016624
673366738
373311252
958585781
1439785734
995864179
640441905
1091456207
1036661603
1126032958
488627858
1201624046
386889861
977041956
950178294
710247888
420573953
1235601864
1032346221
904237743
364297166
405465049
602991338
478643661
1435435090
1059134258
945241274
460989014
535886823
1445450568
875750302
586803362
1322310031
254180252
749118884
700637744
1446245280
987702457
418102178
288091002
418843466
940320341
453629018
510855668
419267350
1261357853
505410049
1319618742
814048454
1366526331
293622097
469337564
1360625614
1242266654
1071235820
656951157
1178874028
1222278363
299029654
830709730
1444254803
680819774
938506958
1027151285
953719697
373911706
666206963
446016180
778658393
372047576
570105907
1449583112
904108116
564730202
377321278
1117211375
513507274
951627670
644106186
1359652100
638689075
516561342
1206927301
993988918
640956497
433398108
312283144
1177334573
339986225
317777108
1299856714
653031147
290776107
687287242
805603214
551682016
890808217
1222889057
446207961
1347123739
1239645449
364901807
1199564834
491898792
1042273323
1244917087
1444834388
467027855
1260229089
1171095810
935672069
1435374593
364193735
1005886981
1225091207
805477882
1027688889
1336399131
1330108791
382011064
1437880869
1148321705
1433320547
935754064
1183008625
547145938
616519107
639219540
507839972
901169127
639457826
1441162411
1177953618
1361622149
404529222
463239328
985746746
1255030185
964026304
1372670435
291676451
453571750
811207074
379869627
558780450
1196245169
943336534
829523054
1179975506
415857471
1437596370
904278510
1107467189
1093415977
400203229
477891975
1442481744
906930478
583376064
720068672
1432582444
1437308917
730263398
1178531844
1000227889
366975354
310303959
1120239484
590384791
1324421600
686356780
1386535816
751574016
827625469
490668122
436673025
480993978
1118513354
375310903
1252850847
1211123727
1445661924
968720377
1446387629
1348028646
951744068
1045938821
499826209
739094929
893918621
1367814648
1236030505
961328987
301548818
1035219562
366759289
640023408
1065787354
1115022789
1366187377
1347780764
1117270703
324684580
1442510894
545519333
1164801111
179950332
1182456409
1121104608
1216575026
377598773
1046448102
530829008
1147874819
998542154
1448965612
1235569398
1050535507
743974925
468976361
626115283
1422650155
1041258902
289394939
625334537
1355629510
1216136006
830340223
521974902
346474831
393858566
1197552569
608515289
862469459
308630840
625024986
1065860802
637237841
955687901
1123908844
314192799
618790117
368305725
363317633
1028791881
1420324252
557107386
793157344
1444013394
379008374
1449555773
422689480
555600657
1021368752
1350350945
727459432
1444383602
333710667
1085123767
1438204663
427916203
917535266
1193701079
1084860489
1386813914
662090840
314498713
564147165
763377066
396855834
763692274
939480693
1428316113
1068366937
504001448
582578562
363590051
1036066384
1290687550
1292541373
698517535
1169979118
481033328
385724144
1328132872
493470467
1140367099
490470296
585027354
962194608
374254473
387771637
519131315
1015771623
285750155
913897143
997079492
362057947
510461758
1117833174
471341991
1148728253
441683476
434828497
821560738
1136986870
372351201
1032816063
634467171
532046195
556164008
1173389241
821434357
995125257
477537958
366626332
1189497931
963570332
867414015
979484072
965626396
1231921402
326876192
774618503
309687931
402012828
1045001752
1179959829
1070146893
834813357
618783545
1386724443
507874739
671889349
366264405
1034165102
658511662
329174056
468971156
509993510
1435571943
1088184021
403692190
1401312892
1229969443
1435899684
289567151
691121579
842849113
747364886
576443892
1324604053
1328731854
1003588804
1248033433
1269225754
1005893329
473917761
302584613
1433894926
662569685
1375380663
431072069
936971630
648753689
656508732
1440118610
1179421849
736536895
1374108987
348597015
1044867788
562989701
1161387262
460832645
544007664
364859644
352670055
779128258
1054840040
1121782467
324715238
667861049
432455516
265250079
958635569
843003884
935528099
551942662
481914139
1408556211
405894824
1156875272
1081847121
557835389
1253897806
570060128
435900973
1229016807
945892534
814314109
1297430468
814040014
904209370
1239299402
642097030
349079731
808664999
429047995
335029050
488097290
390063388
1139146156
413419662
806064177
1312031248
603013428
1345900317
1436052047
622474053
360593530
1435807944
1274969184
579581125
453410542
949207089
909319292
302955766
1195834442
1444992414
580358124
1342468799
273169161
779157948
1034159412
284993459
1449432357
120034448
1068378177
1216025858
475573643
1075256019
1271253719
725208930
724594093
1187265767
987835385
441179131
375380948
1440447349
749078962
404990064
1016318735
1114127463
1298366657
1426272485
1086581797
1033617377
1331794412
594145971
920856839
1086821669
924598145
1050059017
1117998129
363992049
887947640
564874986
324539795
391462107
1113270962
1284207949
331844589
847634598
1019442026
592962356
1039012834
1440756080
1184801216
1114284578
433596395
1351027839
664425773
1299642230
1150344350
994377555
494150647
540976900
1423569986
934285492
562127186
463142843
373236724
1216020754
401533966
599456126
512142109
949737947
594811233
576588894
496212596
887780480
586683407
1213256859
309735670
333903271
886697025
410513474
1004291915
973780102
394342281
1243195844
1409535084
1411754473
866450515
493897999
1068932208
393995839
1366162607
359917414
433622275
582618083
1058959277
529443604
952969231
1199916534
560916561
443332137
1193508329
284882215
1200364072
1123927531
1271620263
587366035
368724832
1412321065
1189800250
498425561
669931877
1351704611
503424369
1256314933
1294585506
433336049
1119601770
1074866833
320606217
1398692980
581137577
1119806348
1371270806
924695435
895700579
464228677
1330354828
1062497483
1129523589
950812012
1108093617
1212951043
1398796436
1389111413
599456380
634235735
499470113
956081467
485246824
591332705
421798565
996870154
1039171609
420224323
450722833
943869618
890358046
1350301428
299147843
1018355599
1256255831
382028327
972039463
365656949
1015521325
358617686
1234702272
443904275
445850671
997362197
1304231297
1012838112
475905823
400666114
1001404840
1180805521
657295744
1328732959
522404327
1112406793
413618155
1182886549
969447496
989630809
346500040
340268949
1096286482
500676238
1083834924
1435783608
637237326
946434924
505367096
525818839
1126386264
1437977369
1082193416
422845617
283436103
1035118577
327630330
431226495
1080558159
1439187947
527219710
952578473
825347025
878042995
364387007
141016660
1267240944
315577859
738897668
1440133774
1313147771
563910324
1425793208
1191735653
643496868
1358578519
382045106
359578668
1199832388
606310581
351785536
464562684
714796093
1361473095
1083834486
433865746
324771332
1021564440
1212176108
859681456
1157281417
1440449615
1022267439
1153883316
980578855
539943615
1398987473
369111608
749133301
495546638
1350400235
1195621598
782068243
1140366829
969447060
1094138419
1188193556
1133544923
1082196615
966099615
356968629
1044039663
1244916209
947797108
566517346
1171389552
972365385
342548956
1393910125
1179915619
732884567
408854559
1032708262
438314348
447444215
341691394
484090401
373750924
966142320
1444990715
476550251
